0.0,3.81245,6.72507,9.89804,13.0243,16.1071,19.6989,21.765,24.8535,26.9839,26.9996,28.8597,30.1377,26.7462,24.8721,24.7156,23.7621,20.8798,19.5748,20.2099,18.4561,15.2757,15.4392,16.228,13.2292,10.8805,13.0444,12.9692,9.65479,6.65577,4.39072,5.23996,7.00708,10.4387,12.3404,16.0014,17.1877,19.0595,18.8422,17.2039,15.9196,17.875,20.7209,22.8728,26.6921,29.5186,33.0288,35.3416,34.905,36.8969,34.3711,31.8607,28.3216,26.4386,23.4606,23.9486,20.7191,19.5575,17.2773,14.1037,13.561,16.9986,20.367,21.9371,23.0051,26.668,27.5551,31.1792,33.4268,35.4162,32.6453,30.8199,34.1321,35.2192,31.8906,29.3657,27.3689,24.2025,24.2715,25.1345,22.4391,19.6433,21.2207,21.3101,17.728,17.0129,18.7166,16.4523,13.5116,15.8508,18.1282,21.8997,24.8463,26.5818,29.5111,31.4803,28.8896,29.6048,28.3988,25.8702,23.9708,22.3085,22.7189,26.4555,26.628,30.2078,31.6969,32.3899,33.9938,33.9411,34.524,30.931,28.7524,25.6662,22.467,20.0055,18.5364,19.9805,18.608,18.9576,17.3579,14.237,14.2675,14.8084,11.957,9.56716,11.5861,11.7448,8.0805,7.90975,8.9494,7.67087
3.81245,0.0,3.77013,6.57869,9.8526,13.1107,16.709,19.1498,22.1173,24.0676,24.4215,26.5028,28.0468,24.8258,23.0613,23.4455,22.4751,19.2278,18.3682,19.5228,17.5157,14.2156,15.2631,16.3379,13.1051,11.2329,14.2382,14.2129,11.0326,9.08225,6.20786,4.66792,6.17932,8.60976,10.3754,13.6777,14.4963,15.9563,15.3495,13.6932,12.2505,14.4846,17.5343,20.0252,23.8033,26.8602,30.3571,32.7704,32.3488,34.5729,32.1101,29.7232,26.0893,24.009,20.8153,20.9391,17.7046,16.5915,14.7687,11.346,10.3545,13.5318,16.9713,18.7571,20.2233,23.9489,25.1982,28.8946,31.3049,33.4918,30.9028,29.1982,32.6539,33.9078,30.7836,28.4884,26.1373,23.2974,23.4716,23.7791,20.8578,18.5062,19.9766,19.4291,15.8073,15.5883,16.762,13.9694,11.6035,14.1381,16.9484,20.566,23.5553,25.7637,28.5955,30.9329,28.6864,29.6683,28.4404,26.3256,24.0662,21.9906,21.9995,25.7716,25.6033,29.1199,30.839,31.9021,33.2621,33.183,34.1795,30.6937,28.5103,25.7333,22.28,20.3274,18.8794,20.8573,20.0234,19.962,17.7691,15.1786,15.5658,15.2431,11.9528,10.6202,12.3409,11.267,7.5204,8.78733,8.85825,6.04953
6.72507,3.77013,0.0,3.80264,6.36463,9.73219,13.2014,15.6693,18.5147,20.6719,21.1317,23.0424,24.7837,21.7158,19.7413,20.3802,19.7301,16.3149,15.3915,17.0682,15.3446,11.8106,13.2065,14.9422,12.0733,10.1312,13.6261,14.2944,11.8277,10.7213,8.71555,5.70599,4.85652,5.76803,6.80385,9.944,10.7785,12.5025,12.3698,10.5646,9.80579,11.9122,14.5699,17.0628,20.8489,23.9556,27.561,30.2174,30.1398,32.578,30.4258,27.8547,24.1232,22.3219,19.2508,19.4942,16.6683,16.2882,14.7439,11.5869,9.40188,12.1178,15.1787,16.5002,17.9557,21.5434,22.6872,26.4647,28.6844,31.1346,28.8135,26.8769,30.2731,31.8615,28.9465,26.5862,23.9184,21.2392,21.9125,22.0158,18.7624,16.877,18.7936,17.9495,14.2033,14.8776,16.1432,13.0093,11.4199,14.5961,17.3454,20.8182,23.443,25.9289,28.389,31.0213,28.8804,29.6733,28.0704,26.2963,24.1288,21.569,21.7603,25.4631,24.7453,28.05,30.183,31.2437,32.1885,31.7572,32.9405,29.6549,27.1939,24.7612,21.108,19.6933,18.8297,21.3633,21.1495,21.3444,18.6844,16.2667,17.4401,17.024,13.3737,12.8489,15.0218,13.5267,10.134,12.1703,12.3344,9.06415
9.89804,6.57869,3.80264,0.0,3.80784,6.66655,10.3218,12.9128,15.8581,17.5629,18.1026,20.3878,22.1482,19.1794,17.6212,18.7255,17.7747,14.1409,14.0303,15.9244,13.778,10.5834,12.9954,14.5326,11.6061,10.7485,14.5349,14.9054,12.8026,12.7218,10.6779,7.0347,6.15787,4.98972,6.36029,8.54431,9.51416,10.9203,10.3941,7.76204,6.40136,8.15444,10.9886,13.6178,17.3626,20.5682,24.0994,26.718,26.571,29.1121,26.9941,24.5358,20.7817,18.8566,15.7088,15.8327,13.1897,13.2482,12.0109,9.22175,6.2525,8.60641,11.4479,12.7094,14.3288,17.9521,19.372,23.1489,25.5509,28.0543,25.8417,24.1159,27.6323,29.2458,26.5209,24.4773,21.5964,19.3256,19.9323,19.4775,16.1671,14.771,16.4268,15.0113,11.3993,12.6047,13.3658,9.91763,9.2376,12.5286,15.402,18.5464,20.9989,23.8274,26.0814,28.9963,27.1991,28.1927,26.611,25.2905,22.8471,19.9831,19.8044,23.4044,22.3751,25.5483,27.8429,29.2133,29.9389,29.5408,31.0909,27.9457,25.6058,23.5169,19.7735,18.9111,18.0573,20.9754,21.3175,21.1638,18.0577,16.3127,17.8366,16.7734,13.0317,13.591,15.5612,13.305,10.6105,13.5543,13.63,10.037
13.0243,9.8526,6.36463,3.80784,0.0,3.79382,6.96923,9.94176,12.4848,14.5166,15.4554,17.4842,19.673,17.078,15.2158,16.844,16.4614,12.6796,12.5716,15.2248,13.645,10.4873,13.1259,15.3419,13.1271,12.2437,16.0279,17.0309,15.5544,15.7402,14.1554,10.4395,8.4975,5.814,4.96371,5.47189,5.91117,7.38293,7.55056,4.79395,5.32779,6.82594,8.75676,11.5488,15.1711,18.5122,22.148,25.1191,25.4455,28.288,26.6101,24.027,20.2412,18.6895,15.793,15.8776,13.9397,14.7597,14.1294,11.8515,8.28634,9.20454,11.1309,11.7177,13.4559,16.7193,18.0801,21.8903,24.0189,26.8894,25.1147,23.1481,26.5284,28.5725,26.1961,24.1486,20.9078,18.9828,20.2066,19.4567,15.8492,15.2476,17.2958,15.5134,12.1051,14.2922,14.9622,11.443,11.7979,15.1851,17.8538,20.6651,22.6903,25.7174,27.5543,30.6998,29.0649,29.8725,27.9721,27.008,24.7295,21.5191,21.5027,24.892,23.3164,26.1453,28.8362,30.2017,30.4552,29.669,31.4214,28.5717,25.9807,24.343,20.5296,20.2715,20.0224,23.2695,24.0334,24.1038,20.8019,19.2009,21.1261,20.1007,16.3328,17.1452,19.2708,16.9421,14.4007,17.3482,17.3078,13.6204
16.1071,13.1107,9.73219,6.66655,3.79382,0.0,3.77775,6.39656,9.24505,10.965,11.7072,13.9419,16.0772,13.5984,12.0781,14.1405,13.6424,9.81956,10.5196,13.3784,11.8074,9.36055,12.5836,14.6689,12.9802,12.9344,16.552,17.5468,16.7345,17.7065,16.5219,12.6776,10.5192,6.99845,6.22937,4.89674,6.20436,7.74982,8.38187,4.90416,5.7759,4.96622,5.45036,7.84811,11.4725,14.7514,18.4167,21.4601,21.9919,24.9137,23.503,20.8187,17.0643,15.8705,13.3728,13.8251,12.7096,14.4749,13.9879,12.6667,8.93651,8.98362,9.61811,9.06285,10.3645,13.3081,14.5278,18.3184,20.3522,23.3408,21.789,19.8023,23.1461,25.3489,23.2378,21.3821,17.9331,16.4724,17.9213,16.7566,13.0824,13.2613,15.3427,13.2329,10.2605,13.2341,13.7824,10.5716,11.897,15.2422,17.4403,19.7955,21.275,24.4263,25.8082,29.143,27.7457,28.4544,26.3787,25.8906,23.6613,20.1728,20.1573,23.2476,21.2048,23.6946,26.6624,28.0888,27.9608,26.9796,28.983,26.4053,23.8036,22.6421,18.8714,19.2965,19.4332,22.977,24.3211,24.3999,20.8443,19.7426,22.119,20.9192,17.2537,18.7504,20.9656,18.4717,16.5227,19.8236,20.0818,16.4755
19.6989,16.709,13.2014,10.3218,6.96923,3.77775,0.0,3.85037,5.69409,7.62902,9.06934,11.0511,13.7546,12.0132,10.459,13.3132,13.4169,9.87762,10.9035,14.2151,13.2764,11.4422,14.5519,16.8677,15.8121,15.8882,19.2793,20.5606,20.1403,21.2631,20.25,16.4095,14.0254,10.3586,8.75518,5.76501,6.11935,6.96827,8.2939,5.69208,7.86963,6.4313,4.60593,6.49225,9.40349,12.7158,16.351,19.7367,20.8044,24.0049,23.139,20.4648,16.8876,16.1808,14.2021,14.5581,14.3315,16.6194,16.6599,15.7734,12.0796,11.1625,10.6803,9.25835,10.4352,12.492,13.6145,17.2036,18.8768,22.2183,21.2602,19.17,22.2598,24.8648,23.2621,21.5942,17.8942,17.0642,18.9838,17.443,13.8091,14.9227,17.0528,14.6745,12.3815,15.8202,16.1296,13.2023,15.1327,18.2749,20.2546,22.192,23.2384,26.4903,27.4368,30.9248,29.7774,30.3645,28.101,28.0156,25.9313,22.2723,22.2985,25.0497,22.5616,24.5819,27.8392,29.2952,28.685,27.3781,29.616,27.4317,24.7391,24.1207,20.4774,21.4852,22.048,25.735,27.4001,27.5597,23.9188,23.0297,25.5986,24.3589,20.7676,22.4343,24.6549,22.077,20.2573,23.5876,23.7411,20.0741
21.765,19.1498,15.6693,12.9128,9.94176,6.39656,3.85037,0.0,3.76188,5.74949,5.84249,7.55894,9.9971,8.23598,6.78401,9.94658,10.2093,7.13007,8.6664,11.915,11.4877,10.5753,13.5365,15.7144,15.4519,15.9761,18.9109,20.3379,20.6201,22.2801,21.8298,18.053,15.3961,11.6062,10.2399,7.2009,8.73106,10.2696,12.0653,9.51356,11.2259,8.89505,5.94472,5.23353,7.62594,10.1619,13.8861,17.3259,18.8097,21.8645,21.3853,18.3954,15.0125,15.1543,14.0305,15.2063,15.6564,18.4713,18.1553,17.8701,14.3496,13.6392,12.55,10.0573,9.84768,11.0306,11.1677,14.5893,15.7467,19.164,18.4216,16.001,18.8468,21.6824,20.2946,18.5807,14.8062,14.3314,16.6869,15.1522,11.6207,13.3798,15.7733,13.7012,11.9687,15.6934,16.3864,14.1674,16.2064,19.3419,20.6534,22.3222,22.7712,25.8231,26.2923,29.7552,28.6215,28.8503,26.2965,26.5326,24.7871,21.0152,21.4078,23.7969,20.9441,22.5546,26.0484,27.2456,26.261,24.5964,26.8346,24.9568,22.1337,21.9596,18.5149,20.0809,21.2041,24.9971,27.0901,27.5212,23.8559,23.1831,26.1479,25.1003,21.6638,23.6009,26.0807,23.7135,22.1961,25.5887,26.204,22.7092
24.8535,22.1173,18.5147,15.8581,12.4848,9.24505,5.69409,3.76188,0.0,3.84752,5.55519,6.15818,9.61541,9.31712,7.88254,11.5341,12.579,10.1867,11.4579,14.8227,14.912,14.1288,16.793,19.1786,19.1326,19.4651,22.3322,23.9665,24.2734,25.7835,25.2624,21.4618,18.7283,14.9511,13.012,9.43711,9.78024,10.4569,12.515,10.9234,13.3104,11.2806,7.97421,7.31224,8.092,10.3298,13.6694,17.3966,19.4214,22.7185,22.7783,19.9921,16.9407,17.3391,16.4928,17.2606,18.1292,21.0175,21.1869,20.9054,17.3432,16.0775,14.6085,12.085,12.1774,12.5385,12.7294,15.6352,16.3244,20.0182,19.9663,17.5899,20.0171,23.1826,22.3444,20.8643,17.0594,17.1185,19.7048,17.9615,14.6875,16.8559,19.131,16.8913,15.5206,19.2915,19.7028,17.4519,19.7296,22.7386,24.1388,25.5958,25.9021,29.0339,29.2759,32.8145,31.8863,32.0883,29.4765,29.9334,28.2645,24.4695,24.8086,26.9892,23.9393,25.1937,28.8058,30.05,28.7274,26.8479,29.2344,27.7029,24.8721,25.0649,21.7813,23.5807,24.8625,28.6665,30.8229,31.2635,27.5856,26.9444,29.8942,28.7958,25.3478,27.2433,29.6609,27.185,25.5834,28.9509,29.3212,25.7035
26.9839,24.0676,20.6719,17.5629,14.5166,10.965,7.62902,5.74949,3.84752,0.0,3.81235,5.83893,8.86706,9.21362,9.36583,13.101,13.3919,11.352,13.6125,16.4766,16.0595,15.9115,18.9432,20.7534,20.5815,21.5265,24.3854,25.5644,25.8797,27.686,26.9883,23.1778,20.8412,17.0731,15.7695,12.4973,12.8851,12.9979,14.1858,12.3795,14.0647,11.3849,7.61288,6.06242,5.07477,7.23629,10.2831,14.0405,16.0924,19.5578,19.8314,17.3672,14.6043,15.0913,14.6713,15.2899,16.8826,20.1107,20.6531,20.98,17.7075,15.8595,13.5712,10.58,10.4366,9.90724,10.4604,12.9701,13.8781,17.6086,17.8854,16.0557,18.5029,21.5549,21.1151,20.2726,16.4982,17.2895,19.4837,17.1018,14.2817,17.0248,18.6462,15.9948,15.4205,19.2099,19.0391,17.159,20.0013,22.5433,23.7535,24.6584,24.6456,27.8927,27.846,31.5036,31.0083,31.4349,29.028,29.9064,28.0446,24.2649,24.1865,26.0244,22.8089,23.723,27.3333,28.9028,27.3752,25.6577,28.424,27.1308,24.6711,25.2251,22.1416,24.288,25.3951,29.2024,31.5983,31.6982,27.9368,27.8148,30.7394,29.2693,26.0437,28.3662,30.5038,27.77,26.6303,30.2101,30.5216,26.9536
26.9996,24.4215,21.1317,18.1026,15.4554,11.7072,9.06934,5.84249,5.55519,3.81235,0.0,3.76927,5.57874,5.57716,6.73215,10.2133,10.141,8.82174,11.5315,13.847,13.5973,14.2268,17.0771,18.5128,18.8313,20.1776,22.6325,23.7518,24.5553,26.7763,26.5119,22.824,20.4135,16.7103,15.8631,12.9876,14.3812,15.3538,16.7811,14.3906,15.6099,12.4819,8.75756,5.71336,4.6289,5.20661,8.61111,12.2075,14.4034,17.5002,17.8663,14.9652,12.3153,13.5663,13.8379,15.3809,17.1354,20.5859,20.5456,21.2381,18.1392,16.8367,14.5722,11.0978,9.6382,8.59357,7.80844,10.2683,10.774,14.4814,14.6459,12.4677,14.8495,17.9797,17.5216,16.6047,12.8578,13.9176,16.2714,13.9897,11.4092,14.4923,16.2245,14.0259,13.8621,17.6339,17.8979,16.6366,19.316,21.86,22.4882,23.2759,22.8348,25.8015,25.4501,28.9958,28.4103,28.5304,25.9357,26.9925,25.4127,21.6371,21.885,23.457,20.0676,20.7361,24.4621,25.7512,24.0502,22.1147,24.8046,23.6593,21.1527,21.9674,19.1027,21.5835,23.0285,26.8211,29.4893,29.7926,26.0884,26.1309,29.3062,28.0348,24.9887,27.48,29.8127,27.3346,26.4465,30.0345,30.8027,27.4376
28.8597,26.5028,23.0424,20.3878,17.4842,13.9419,11.0511,7.55894,6.15818,5.83893,3.76927,0.0,3.79316,5.49779,5.77689,9.19207,10.3739,9.91761,11.7646,14.158,14.8949,15.5741,17.7971,19.5916,20.4971,21.4964,23.6388,25.2249,26.3588,28.5245,28.5957,24.9526,22.1591,18.4648,17.0973,13.9763,15.305,16.5247,18.5974,16.6253,18.3982,15.6087,11.9504,9.26713,8.29029,7.95746,10.5784,14.0683,16.8382,19.7071,20.5607,17.5458,15.2735,16.989,17.4866,19.146,20.8162,24.2001,24.0124,24.4958,21.2514,20.1728,18.1397,14.7779,13.319,12.1421,10.6869,12.4952,11.8812,15.5768,16.2348,13.5687,15.1706,18.7053,18.5715,17.3636,13.7859,14.878,17.8123,16.0406,13.6025,16.5955,18.7728,17.0667,16.7617,20.4956,21.1824,19.9399,22.3189,25.088,25.6048,26.5322,25.9601,28.7077,28.1726,31.5769,30.8265,30.5537,27.661,28.7181,27.5599,23.8091,24.5198,25.9679,22.4923,22.8985,26.716,27.5941,25.6183,23.2231,25.65,24.8206,22.0335,23.0989,20.4343,23.0395,24.966,28.7296,31.4458,32.1314,28.5259,28.3233,31.6578,30.7246,27.6213,29.8896,32.4837,30.2356,29.1192,32.5667,33.4541,30.0692
30.1377,28.0468,24.7837,22.1482,19.673,16.0772,13.7546,9.9971,9.61541,8.86706,5.57874,3.79316,0.0,3.81834,6.02183,8.24634,8.85812,9.73665,11.9125,13.345,14.2167,15.7846,17.7379,18.9478,20.3097,21.7733,23.4462,24.8371,26.4143,28.9722,29.3773,25.9139,23.2253,19.7173,18.8856,16.2463,18.1673,19.7498,21.7284,19.3667,20.6633,17.5458,14.0188,10.6932,9.46026,7.72048,9.69805,12.5603,15.4168,17.7529,18.8461,15.638,13.8667,16.2984,17.5148,19.7637,21.6709,25.1997,24.6637,25.5651,22.6057,21.8047,19.6659,16.0555,13.7624,12.0445,9.51263,10.5664,9.13158,12.5701,13.3734,10.4696,11.5991,15.2521,15.3817,14.3159,11.0185,12.7318,15.6805,14.014,12.2771,15.5421,17.5506,16.3426,16.6481,20.1452,21.0504,20.4727,22.756,25.3224,25.2647,25.9071,24.8456,27.259,26.3157,29.5538,28.8539,28.2942,25.2864,26.6597,25.813,22.1845,23.1258,24.1277,20.5153,20.4644,24.3151,24.9194,22.6575,20.0178,22.4104,21.9311,19.237,20.7695,18.5508,21.5603,23.7765,27.4232,30.4275,31.2243,27.7343,27.8225,31.3191,30.4987,27.6819,30.151,32.8009,30.7487,29.974,33.4225,34.6575,31.4905
26.7462,24.8258,21.7158,19.1794,17.078,13.5984,12.0132,8.23598,9.31712,9.21362,5.57716,5.49779,3.81834,0.0,3.8135,5.65524,5.31376,6.04389,8.58545,9.80709,10.4072,12.1112,14.1488,15.1955,16.5107,18.0993,19.7556,21.0382,22.6344,25.2722,25.7777,22.4082,19.7812,16.41,15.99,13.8558,16.347,18.3854,20.287,17.5099,18.4471,15.3334,12.2232,8.92062,8.9645,8.05488,10.8543,13.551,15.6597,17.8503,18.1905,14.6678,12.3113,14.4525,15.338,17.9252,19.3787,22.7535,21.7962,22.606,19.7273,19.4158,17.6783,14.2127,11.6971,10.8049,8.15762,10.2014,9.68097,12.8071,12.4893,9.2561,11.268,14.5401,13.7269,12.0769,8.44999,9.41849,12.4613,11.0926,8.87772,11.8858,14.2117,13.2849,13.2626,16.6833,17.9572,17.4304,19.3951,22.0866,21.9583,22.8812,22.0168,24.3701,23.7362,26.9305,25.9183,25.361,22.3256,23.3848,22.4709,18.7893,19.8941,21.2018,17.7553,18.2117,22.0169,22.5487,20.7179,18.2775,20.478,19.4521,16.569,17.6237,15.0916,17.9185,20.0826,23.7631,26.6874,27.5404,24.065,24.0412,27.5577,26.8503,24.0307,26.4512,29.1776,27.2783,26.5148,29.9021,31.319,28.2844
24.8721,23.0613,19.7413,17.6212,15.2158,12.0781,10.459,6.78401,7.88254,9.36583,6.73215,5.77689,6.02183,3.8135,0.0,3.78918,5.56995,5.2703,6.23573,8.567,9.96899,10.683,12.3274,14.2665,15.647,16.4547,18.2261,20.0892,21.571,23.8156,24.409,21.0043,17.9656,14.5512,13.4594,11.1288,13.6433,16.0561,18.4812,15.9956,17.49,14.9465,12.0784,9.64984,10.6697,10.8613,14.031,17.055,19.1516,21.5186,21.6548,18.1346,15.4244,17.0202,17.1866,19.4813,20.3535,23.4213,22.377,22.5472,19.353,19.3361,18.1642,15.1095,13.2955,13.276,11.2967,13.817,13.4771,16.6075,16.1311,12.7857,14.7086,17.9367,16.7792,14.5333,11.03,10.8076,14.1909,13.4987,10.6339,12.7682,15.7551,14.9624,13.9571,17.411,19.0473,17.92,19.4592,22.5981,22.8795,24.3668,23.9953,26.3829,26.1715,29.2993,27.9169,27.2789,24.1362,24.6584,23.8294,20.1388,21.5125,23.2894,20.1188,21.0443,24.7498,25.105,23.5886,21.1409,22.9386,21.6052,18.3681,18.8625,16.0013,18.2721,20.5162,24.2115,26.7898,27.93,24.508,23.8849,27.3631,26.9576,23.8441,25.8001,28.7544,27.012,25.7361,28.9304,30.2804,27.143
24.7156,23.4455,20.3802,18.7255,16.844,14.1405,13.3132,9.94658,11.5341,13.101,10.2133,9.19207,8.24634,5.65524,3.78918,0.0,3.81105,5.49488,5.14323,6.06511,8.59829,9.93631,10.5339,12.2093,14.3985,15.2184,16.2522,18.2994,20.3414,22.7867,23.95,20.8924,17.7953,14.8568,14.1637,12.6689,15.7063,18.616,21.1474,18.5063,19.7248,17.3063,14.9149,12.5144,13.7992,13.5976,16.5031,19.0543,20.9564,22.8136,22.8273,19.1167,16.6189,18.4602,18.8303,21.5594,22.1906,25.1016,23.5263,23.7066,20.7513,21.3439,20.5222,17.5954,15.4122,15.5444,13.0469,15.2845,14.6277,17.1613,16.3009,12.6388,14.1782,17.1539,15.6307,12.7705,9.82513,8.90872,12.6395,12.9428,10.4981,11.9912,15.318,15.4502,14.4344,17.398,19.6602,18.966,19.9213,23.0848,22.9235,24.5481,24.0186,25.9465,25.6672,28.469,26.7385,25.6397,22.2479,22.5919,22.2833,18.795,20.7784,22.4321,19.4403,20.3391,23.9142,23.7125,22.2884,19.6289,20.8731,19.5197,16.0054,16.4285,13.8407,16.0976,18.8388,22.3387,24.9696,26.5422,23.3804,22.6109,26.2434,26.2977,23.386,25.1699,28.3621,27.0805,25.87,28.8277,30.5967,27.7503
23.7621,22.4751,19.7301,17.7747,16.4614,13.6424,13.4169,10.2093,12.579,13.3919,10.141,10.3739,8.85812,5.31376,5.56995,3.81105,0.0,3.83098,5.40736,4.85338,6.01002,8.49345,9.71821,10.3086,12.2951,13.9972,15.0291,16.3669,18.454,21.3098,22.3969,19.4267,16.7933,14.0104,14.2733,13.3298,16.6434,19.4476,21.4212,18.311,18.8,16.0341,13.9188,11.2327,12.6632,12.3186,15.15,17.2628,18.6141,20.1978,19.8165,16.0601,13.5284,15.3701,15.9426,19.0173,19.6911,22.6387,20.8395,21.4431,18.8494,19.5742,18.664,15.6997,13.0374,13.2544,10.5803,12.8883,12.7549,14.8996,13.3914,9.89332,12.0494,14.5525,12.5369,9.69269,6.52673,5.35351,8.95296,9.17253,6.85742,8.49976,11.6413,12.0192,11.4308,14.2008,16.4831,16.3068,17.3017,20.1726,19.645,21.0482,20.3279,22.1795,21.8568,24.6731,23.0064,22.0387,18.7539,19.2583,18.7428,15.192,17.075,18.6414,15.632,16.6375,20.1822,20.1136,18.8577,16.4777,17.911,16.2795,12.9344,13.302,10.5799,13.1566,15.7357,19.3026,22.1651,23.4804,20.2496,19.9101,23.5816,23.4214,20.7439,22.9035,25.9302,24.6017,23.8389,26.9269,28.8497,26.1857
20.8798,19.2278,16.3149,14.1409,12.6796,9.81956,9.87762,7.13007,10.1867,11.352,8.82174,9.91761,9.73665,6.04389,5.2703,5.49488,3.83098,0.0,3.79205,5.32243,5.04222,6.07371,8.50282,9.77288,10.6867,12.0954,14.0331,15.3454,16.7223,19.2466,19.8359,16.556,13.8821,10.7299,10.9097,9.8818,13.1939,15.9274,17.7205,14.5332,15.0186,12.4111,10.5388,8.46355,10.8126,11.6253,15.024,17.5657,18.6722,20.7495,19.9756,16.3955,13.228,14.198,13.9168,16.5767,16.8605,19.6585,18.0378,18.2737,15.4109,16.0917,15.4319,12.7549,10.7004,11.793,10.1391,13.3059,14.054,16.6138,14.9735,11.9518,14.7559,17.1575,15.0058,12.5048,9.0732,7.57128,10.3462,9.96996,6.527,7.79165,11.0529,10.6145,9.11875,12.338,14.3864,13.4803,14.591,17.7414,17.8647,19.6148,19.5108,21.8275,22.0532,25.1126,23.4715,23.0413,20.0942,20.2385,19.0992,15.3852,16.7358,18.9138,16.1132,17.7446,21.1956,21.6518,20.8094,18.937,20.6058,18.5411,15.4188,15.1172,11.7711,13.6347,15.4916,19.2486,21.7399,22.7274,19.2692,18.6864,22.1514,21.7085,18.6654,20.7528,23.6803,22.0469,21.0053,24.2168,25.8253,22.9363
19.5748,18.3682,15.3915,14.0303,12.5716,10.5196,10.9035,8.6664,11.4579,13.6125,11.5315,11.7646,11.9125,8.58545,6.23573,5.14323,5.40736,3.79205,0.0,3.79339,5.49228,5.17198,6.12874,8.60254,10.0843,10.4102,12.0623,14.2111,15.765,17.9252,18.9433,15.8579,12.6695,9.83044,9.4199,8.83338,12.3927,15.6915,18.0123,15.173,16.0973,14.2309,12.8131,11.4919,14.0794,15.0805,18.5132,21.1747,22.4277,24.4567,23.6962,20.0802,16.9565,17.8082,17.2229,19.7044,19.4944,21.8955,20.0446,19.6741,16.7077,17.8986,17.8719,15.652,14.0915,15.4856,13.9128,16.9878,17.4105,19.9101,18.2978,15.0368,17.4302,19.8592,17.5618,14.5389,11.5824,9.29821,12.3176,12.9024,9.66657,9.79142,13.491,13.6159,11.4702,14.2101,16.7632,15.5622,15.923,19.3996,19.6844,21.9231,22.123,24.1919,24.6644,27.467,25.4143,24.6793,21.5662,21.1796,20.4339,16.9439,18.7947,21.1867,18.7308,20.5399,23.8195,23.8602,23.2197,21.1995,22.3187,20.1391,16.6939,15.9545,12.632,13.8364,15.9948,19.5546,21.6789,23.1762,19.9824,18.709,22.1604,22.2837,19.1084,20.5606,23.8193,22.6144,21.085,23.9219,25.6619,22.8459
20.2099,19.5228,17.0682,15.9244,15.2248,13.3784,14.2151,11.915,14.8227,16.4766,13.847,14.158,13.345,9.80709,8.567,6.06511,4.85338,5.32243,3.79339,0.0,3.79799,5.48915,5.16489,6.16382,8.76439,9.837,10.4338,12.2922,14.6047,17.2948,18.8678,16.2645,13.4628,11.3783,11.9673,12.2026,15.8911,19.2201,21.2973,18.2185,18.5778,16.5363,15.378,13.6845,16.0736,16.4987,19.5959,21.7242,22.691,24.1794,23.2676,19.571,16.7725,17.9074,17.7431,20.7049,20.4981,22.838,20.5068,20.4961,18.0328,19.6315,19.6456,17.3997,15.2712,16.5095,14.4342,17.1108,17.3888,19.2549,17.2222,13.9605,16.1421,18.0837,15.3936,12.0084,9.77308,6.72389,9.67058,11.2321,8.74896,8.17005,11.9428,13.0874,11.394,13.4219,16.4723,16.0669,15.9939,19.1846,18.7719,20.9019,20.768,22.3251,22.6391,25.1151,22.8156,21.6889,18.4009,17.9381,17.6424,14.3659,16.7763,18.914,16.6494,18.3966,21.4818,21.065,20.5757,18.5394,19.2184,16.9249,13.3705,12.4575,9.35286,10.6691,13.3624,16.7535,19.1274,20.9351,17.9814,16.8696,20.5256,20.9784,18.2179,19.7625,23.1167,22.3296,21.2148,23.8892,26.1014,23.6991
18.4561,17.5157,15.3446,13.778,13.645,11.8074,13.2764,11.4877,14.912,16.0595,13.5973,14.8949,14.2167,10.4072,9.96899,8.59829,6.01002,5.04222,5.49228,3.79799,0.0,3.77434,5.43751,5.05392,6.3207,8.54977,9.8312,10.6477,12.5029,15.4939,16.6366,13.9375,11.7074,9.67772,11.2825,11.9548,15.631,18.6686,20.1181,16.6923,16.3421,14.1441,13.4893,12.0089,14.7245,15.4843,18.6035,20.5185,20.9146,22.381,20.9626,17.4296,14.3912,14.9825,14.5289,17.5368,17.1255,19.3616,16.8759,17.1033,14.9275,16.6646,16.7602,14.7506,12.604,14.3313,12.7459,15.6923,16.7467,18.4561,15.9447,13.2434,16.0809,17.5679,14.5415,11.5903,9.24415,6.04684,7.78339,8.94643,6.16111,4.69302,8.52069,9.62546,7.73861,9.62798,12.7066,12.4878,12.4103,15.4644,15.0141,17.1607,17.2152,18.9678,19.582,22.2175,20.0125,19.3779,16.4468,15.9445,14.9695,11.4794,13.4519,15.9257,13.8221,16.0679,19.014,19.0659,18.978,17.5411,18.5633,15.8346,12.733,11.3714,7.70262,8.80214,10.7199,14.3988,16.827,18.1095,14.8665,14.1005,17.7218,17.7315,14.9695,16.9465,20.0732,19.0308,18.2527,21.1693,23.3558,21.0104
15.2757,14.2156,11.8106,10.5834,10.4873,9.36055,11.4422,10.5753,14.1288,15.9115,14.2268,15.5741,15.7846,12.1112,10.683,9.93631,8.49345,6.07371,5.17198,5.48915,3.77434,0.0,3.81824,5.44384,5.27589,6.05672,8.50832,9.90229,10.9105,13.2277,14.0785,11.0789,8.34082,6.09073,7.65735,8.96817,12.6589,15.8588,17.3539,14.1044,13.9492,12.4751,12.4278,11.9832,15.3002,16.8697,20.3321,22.6542,23.0839,24.9404,23.393,20.0143,16.6359,16.5764,15.2926,17.6907,16.6636,18.4698,16.0885,15.4945,12.9716,15.0169,15.7714,14.3703,13.1517,15.5556,14.7236,18.0956,19.4098,21.5038,19.1423,16.5094,19.4716,21.1541,18.2164,15.3483,12.8059,9.79401,11.3726,12.2023,8.97034,7.30453,10.8109,11.2265,8.21379,10.1384,13.0738,11.8413,11.3471,14.9043,15.3169,18.036,18.8341,20.8612,22.0119,24.6928,22.4051,22.0831,19.4184,18.4327,17.1771,13.8524,15.4481,18.4218,16.6624,19.2598,22.0545,22.3328,22.4997,21.2445,22.2544,19.383,16.3496,14.5984,10.8658,10.9179,12.1258,15.665,17.3831,18.6092,15.3806,13.8803,17.1813,17.2474,13.9881,15.4052,18.6488,17.5449,16.0905,18.9132,20.8491,18.2816
15.4392,15.2631,13.2065,12.9954,13.1259,12.5836,14.5519,13.5365,16.793,18.9432,17.0771,17.7971,17.7379,14.1488,12.3274,10.5339,9.71821,8.50282,6.12874,5.16489,5.43751,3.81824,0.0,3.85418,5.50328,4.97146,5.94197,8.47717,10.3221,12.5067,14.2938,12.0028,9.08906,8.04677,9.21089,10.9966,14.6642,18.1911,20.0586,17.1213,17.2141,16.1116,16.0849,15.5598,18.7126,19.9733,23.3485,25.5961,26.1676,27.7807,26.3335,22.8391,19.6976,19.9416,18.8836,21.4097,20.2756,21.8523,19.2046,18.4045,16.1293,18.5141,19.514,18.1881,16.866,19.0597,17.8108,20.9232,21.8,23.6755,21.2919,18.3975,20.9138,22.5118,19.4462,16.1327,14.1819,10.7142,12.4786,14.2678,11.5682,9.49407,13.0966,14.3141,11.5392,12.7506,16.1028,15.177,14.0427,17.4903,17.5812,20.46,21.1791,22.6928,23.8206,26.0995,23.4099,22.5713,19.6831,18.2615,17.7029,14.8047,17.1,19.9263,18.4611,20.9632,23.567,23.2539,23.5368,22.0818,22.4655,19.5891,16.314,14.253,10.907,10.3706,12.1893,15.2762,16.7369,18.6963,15.9825,13.9197,17.2635,18.1419,15.1478,15.8959,19.4682,19.0844,17.4558,19.7012,22.0126,19.8207
16.228,16.3379,14.9422,14.5326,15.3419,14.6689,16.8677,15.7144,19.1786,20.7534,18.5128,19.5916,18.9478,15.1955,14.2665,12.2093,10.3086,9.77288,8.60254,6.16382,5.05392,5.44384,3.85418,0.0,3.79769,5.51187,5.15636,6.17695,8.88302,11.9642,14.0468,12.2935,10.3653,9.9906,12.1623,14.1108,17.7934,21.1154,22.5536,19.303,18.7229,17.2999,17.4693,16.6241,19.6099,20.5182,23.5977,25.3416,25.4821,26.6386,24.9077,21.5088,18.6412,18.8983,18.1303,21.0016,19.8857,21.3842,18.3321,18.0591,16.4318,19.0425,19.9622,18.6473,16.883,19.0021,17.5874,20.3972,21.4286,22.7399,19.9272,17.3836,19.9084,20.8891,17.4769,14.2436,12.9895,9.25513,10.0101,12.4011,10.4988,7.57729,10.76,12.8401,10.5862,10.8627,14.5555,14.5067,13.0429,15.9919,15.338,18.0538,18.5305,19.5956,20.7177,22.7155,19.8427,18.8754,16.0527,14.4431,14.0045,11.3422,13.9798,16.6839,15.598,18.225,20.4849,19.9735,20.6212,19.5021,19.6336,16.477,13.4743,10.9129,7.64739,6.54936,8.50946,11.5686,13.359,15.4147,12.8144,11.1023,14.7114,15.715,13.2379,14.3647,17.8602,17.7636,16.8316,19.0423,21.7686,20.0287
13.2292,13.1051,12.0733,11.6061,13.1271,12.9802,15.8121,15.4519,19.1326,20.5815,18.8313,20.4971,20.3097,16.5107,15.647,14.3985,12.2951,10.6867,10.0843,8.76439,6.3207,5.27589,5.50328,3.79769,0.0,3.81387,5.38353,5.01912,6.18652,9.32311,10.7625,8.8289,7.5252,7.68416,10.7446,13.241,16.6657,19.6853,20.5777,17.2576,16.1388,15.0778,16.0019,15.8367,19.1659,20.6254,23.8112,25.5879,25.3547,26.6936,24.5627,21.4396,18.3028,17.7943,16.3701,18.8488,17.1988,18.2491,15.0837,14.5227,13.1536,16.1127,17.4979,16.8013,15.5786,18.2952,17.6297,20.7394,22.3817,23.8019,20.8304,18.7219,21.7033,22.5537,19.0888,16.3067,14.7588,11.3118,11.346,12.9983,10.8165,7.4774,10.0141,11.5773,8.69194,8.41266,12.0031,11.6006,9.60894,12.6675,12.5157,15.6551,16.8122,18.2083,19.9272,22.0797,19.3217,19.0585,16.817,15.0028,13.681,11.041,12.8418,16.1138,15.4106,18.5459,20.5772,20.6473,21.682,21.103,21.5885,18.1792,15.6578,12.8711,9.41001,7.71454,7.88347,11.0197,12.2621,13.6217,10.6977,8.73927,12.1151,12.6886,9.79586,11.0132,14.4367,14.0859,13.0859,15.4854,18.1076,16.3503
10.8805,11.2329,10.1312,10.7485,12.2437,12.9344,15.8882,15.9761,19.4651,21.5265,20.1776,21.4964,21.7733,18.0993,16.4547,15.2184,13.9972,12.0954,10.4102,9.837,8.54977,6.05672,4.97146,5.51187,3.81387,0.0,3.82491,5.46531,5.82549,7.59677,9.38421,7.56499,5.34259,6.43265,8.96317,12.0798,15.3014,18.5288,19.7106,16.828,16.1942,15.8857,17.014,17.3817,20.9318,22.7268,26.1493,28.2846,28.3255,29.9287,27.9315,24.7573,21.4623,20.8784,19.13,21.2116,19.2645,20.0017,17.0528,15.6743,13.9934,17.1109,18.9624,18.5813,17.9025,20.7863,20.2731,23.5856,25.0772,26.8161,24.0705,21.6791,24.5534,25.7304,22.3794,19.3662,17.625,14.108,14.7632,16.4304,13.871,10.9288,13.7121,14.8824,11.5946,11.6677,14.9582,13.7983,11.5841,14.9143,15.4331,18.8489,20.354,21.8059,23.6816,25.7674,22.9106,22.5694,20.3041,18.218,17.1549,14.7573,16.5576,19.8827,19.2178,22.3113,24.3803,24.3456,25.3311,24.5516,24.8775,21.5504,18.7961,16.0046,12.6865,10.8039,11.1159,13.7011,14.1681,15.8453,13.3757,10.583,13.3806,14.44,11.3205,11.3463,14.9916,14.9531,13.0383,14.9168,17.3905,15.5581
13.0444,14.2382,13.6261,14.5349,16.0279,16.552,19.2793,18.9109,22.3322,24.3854,22.6325,23.6388,23.4462,19.7556,18.2261,16.2522,15.0291,14.0331,12.0623,10.4338,9.8312,8.50832,5.94197,5.15636,5.38353,3.82491,0.0,3.78322,6.10038,8.17409,11.1191,10.4426,8.84365,10.2285,12.4257,15.3616,18.6874,22.0698,23.4459,20.5912,19.9888,19.5036,20.4013,20.3404,23.6839,25.0496,28.3071,30.2074,30.252,31.4963,29.543,26.286,23.2909,23.0691,21.7376,24.1571,22.3536,23.1033,19.893,18.802,17.486,20.6753,22.4011,21.8121,20.7072,23.2989,22.3118,25.3174,26.4916,27.8717,25.0066,22.5345,25.0438,25.9489,22.4572,19.2165,18.1406,14.391,14.8861,17.3194,15.3604,12.1709,14.8852,16.8426,14.0488,13.6226,17.2365,16.7369,14.3153,17.2301,17.0525,20.3227,21.4958,22.3311,24.0518,25.6776,22.4774,21.6035,19.2033,16.7449,16.429,14.5773,17.0344,20.029,19.6664,22.5983,24.4025,23.7924,24.9383,24.1002,23.8359,20.5084,17.7539,14.6782,11.9651,9.51541,10.3503,12.2644,12.5842,15.0767,13.2738,10.2818,13.1692,15.0734,12.6728,12.3579,16.0963,16.8313,15.3011,16.6018,19.5424,18.2927
12.9692,14.2129,14.2944,14.9054,17.0309,17.5468,20.5606,20.3379,23.9665,25.5644,23.7518,25.2249,24.8371,21.0382,20.0892,18.2994,16.3669,15.3454,14.2111,12.2922,10.6477,9.90229,8.47717,6.17695,5.01912,5.46531,3.78322,0.0,3.78817,7.06601,9.90013,9.83337,9.54864,11.3362,14.3248,17.355,20.6282,23.7276,24.5812,21.4864,20.2194,19.6249,20.8872,20.8448,24.1489,25.4755,28.539,30.0836,29.6606,30.639,28.3263,25.3257,22.4805,21.9456,20.5858,23.0212,21.0486,21.5041,18.0027,17.2376,16.6316,20.0203,21.8191,21.4912,20.3193,23.0268,22.2496,25.1176,26.6415,27.6673,24.4822,22.4935,25.1725,25.5803,21.8943,19.0123,18.2869,14.6469,14.1549,16.5582,15.1127,11.471,13.3315,15.5953,13.1077,11.6936,15.2803,15.35,12.506,14.8263,14.2286,17.4858,18.7888,19.3286,21.348,22.7434,19.4638,18.8681,16.9316,14.1678,13.5111,12.1273,14.349,17.4204,17.6474,20.8352,22.178,21.702,23.332,23.0459,22.7732,19.1774,16.9823,13.5245,11.0315,7.83887,7.43874,8.94947,8.99,11.3053,9.63522,6.55721,9.56858,11.5864,9.66215,9.58394,13.19,14.198,13.3597,14.6255,17.8913,17.1061
9.65479,11.0326,11.8277,12.8026,15.5544,16.7345,20.1403,20.6201,24.2734,25.8797,24.5553,26.3588,26.4143,22.6344,21.571,20.3414,18.454,16.7223,15.765,14.6047,12.5029,10.9105,10.3221,8.88302,6.18652,5.82549,6.10038,3.78817,0.0,3.81574,6.18184,6.69109,7.57805,10.2622,13.5582,16.9617,19.8153,22.5856,22.9857,20.0559,18.4506,18.4361,20.3405,20.9533,24.4818,26.2849,29.4574,31.12,30.4952,31.7031,29.1465,26.3835,23.3215,22.186,20.2435,22.1456,19.658,19.5251,16.0746,14.7527,14.4918,18.1513,20.4693,20.7921,20.243,23.3745,23.2129,26.325,28.2498,29.4698,26.2727,24.5128,27.5054,27.9639,24.3153,21.6915,20.606,17.14,16.5087,18.311,16.5544,12.9608,14.4108,16.0289,13.1451,11.4484,14.5332,14.0848,10.7416,12.9705,13.146,16.7719,18.7902,19.6581,22.1908,23.7175,20.6394,20.6902,19.2508,16.4805,15.1157,13.7964,15.1549,18.593,19.056,22.5335,23.7477,23.7753,25.5941,25.616,25.6678,21.9798,20.0123,16.5936,13.8788,10.8198,9.34141,10.6402,9.80518,11.1441,9.4427,5.87617,7.86391,9.58844,7.19312,6.26409,10.004,11.0452,9.79818,10.8871,14.1281,13.4867
6.65577,9.08225,10.7213,12.7218,15.7402,17.7065,21.2631,22.2801,25.7835,27.686,26.7763,28.5245,28.9722,25.2722,23.8156,22.7867,21.3098,19.2466,17.9252,17.2948,15.4939,13.2277,12.5067,11.9642,9.32311,7.59677,8.17409,7.06601,3.81574,0.0,3.77599,5.91276,7.41923,10.974,13.8491,17.5755,19.9396,22.539,22.8153,20.3406,18.8491,19.5815,21.8674,23.022,26.7169,28.8663,32.1896,34.0724,33.5021,34.9248,32.3384,29.6447,26.4309,25.0405,22.7251,24.1654,21.3165,20.6886,17.5005,15.4394,15.2518,19.0185,21.8187,22.6219,22.617,25.975,26.1191,29.415,31.4118,32.8527,29.7504,27.9251,30.9756,31.6025,28.0024,25.33,24.0466,20.572,20.1871,21.8359,19.7945,16.3678,17.8836,19.1011,15.9289,14.4244,17.0844,16.0464,12.5728,14.7434,15.6285,19.3908,21.8194,22.8036,25.5716,27.0638,24.0306,24.2416,22.9679,20.0725,18.694,17.5249,18.6232,22.1375,22.6851,26.2202,27.3965,27.5208,29.3885,29.4152,29.4654,25.7832,23.7661,20.3468,17.621,14.5739,13.0851,13.9932,12.4431,13.568,12.398,8.7378,9.31885,11.14,8.83619,6.31632,9.70563,11.1476,8.97018,8.99447,12.0797,11.7676
4.39072,6.20786,8.71555,10.6779,14.1554,16.5219,20.25,21.8298,25.2624,26.9883,26.5119,28.5957,29.3773,25.7777,24.409,23.95,22.3969,19.8359,18.9433,18.8678,16.6366,14.0785,14.2938,14.0468,10.7625,9.38421,11.1191,9.90013,6.18184,3.77599,0.0,3.84665,6.93364,10.4761,13.4282,17.0868,18.9571,21.049,20.7596,18.4359,16.5665,17.7607,20.5398,22.2075,25.9438,28.4412,31.7623,33.6983,32.9553,34.5844,31.8531,29.415,26.0789,24.2142,21.4726,22.3655,19.1861,18.0795,15.1763,12.6316,12.7572,16.5348,19.6761,21.039,21.5885,25.1864,25.8819,29.3006,31.6356,33.2315,30.1863,28.6111,31.9161,32.5982,29.1066,26.727,25.1179,21.9143,21.4183,22.468,20.2384,17.0631,18.1994,18.7515,15.4727,13.9909,15.935,14.4102,10.9336,12.8922,14.5903,18.3911,21.277,22.6795,25.6957,27.4372,24.7531,25.5099,24.5283,21.8888,19.9191,18.5792,18.9534,22.6364,23.1724,26.8281,28.0064,28.6327,30.5049,30.7366,31.1914,27.494,25.6311,22.3694,19.402,16.6627,14.7227,15.88,14.4032,14.5745,13.0723,9.96699,9.90706,10.5652,7.87982,5.28209,7.90319,8.57756,5.63929,5.87576,8.53783,7.99382
5.23996,4.66792,5.70599,7.0347,10.4395,12.6776,16.4095,18.053,21.4618,23.1778,22.824,24.9526,25.9139,22.4082,21.0043,20.8924,19.4267,16.556,15.8579,16.2645,13.9375,11.0789,12.0028,12.2935,8.8289,7.56499,10.4426,9.83337,6.69109,5.91276,3.84665,0.0,3.75507,6.84939,9.96655,13.4741,15.4054,17.5174,17.3156,14.778,13.0312,14.0881,16.7655,18.5077,22.2805,24.8986,28.3013,30.4229,29.8746,31.7481,29.2052,26.6683,23.171,21.3566,18.5396,19.4158,16.408,15.7805,13.0974,10.4841,9.69564,13.3811,16.3882,17.56,18.2089,21.8259,22.6101,26.1565,28.4866,30.3386,27.4959,25.8152,29.2036,30.1778,26.8686,24.524,22.5074,19.4887,19.3472,20.0045,17.3925,14.5911,16.0256,16.0854,12.5394,11.8174,13.6948,11.6068,8.61691,11.4285,13.5035,17.2667,19.985,21.8998,24.6391,26.8351,24.387,25.1619,23.8632,21.6814,19.5307,17.5162,17.8117,21.5667,21.5192,25.0731,26.6904,27.5252,28.9975,28.976,29.7853,26.2308,24.1361,21.2213,17.8766,15.7446,14.2252,16.2524,15.6531,15.7938,13.4313,10.7665,11.7574,11.6769,8.14781,7.30268,10.0071,9.26181,6.2202,8.30944,10.0689,7.99673
7.00708,6.17932,4.85652,6.15787,8.4975,10.5192,14.0254,15.3961,18.7283,20.8412,20.4135,22.1591,23.2253,19.7812,17.9656,17.7953,16.7933,13.8821,12.6695,13.4628,11.7074,8.34082,9.08906,10.3653,7.5252,5.34259,8.84365,9.54864,7.57805,7.41923,6.93364,3.75507,0.0,3.79182,6.61979,10.3031,12.6014,15.2417,15.7819,13.2327,12.3599,13.1427,15.1934,16.7139,20.5263,23.0809,26.6494,29.0523,28.9552,31.0002,28.8287,25.9779,22.3851,21.041,18.479,19.6417,17.1042,17.2169,14.7758,12.4139,10.5214,13.7585,16.3328,16.8712,17.3029,20.7109,21.1424,24.7787,26.7587,28.8724,26.2792,24.1758,27.4168,28.7756,25.6086,22.9836,20.7074,17.6291,18.1878,18.935,15.9356,13.455,15.6914,15.7211,11.9706,12.2518,14.5313,12.2318,10.013,13.4797,15.2991,18.9188,21.1651,23.2106,25.5187,27.9109,25.4245,25.7962,23.9774,22.0155,20.2151,17.74,18.5405,22.1873,21.5701,24.8836,26.9466,27.5706,28.6141,28.1074,28.9285,25.5663,23.0343,20.3862,16.8441,15.1531,14.5469,17.0841,17.0465,17.7829,15.1516,12.4548,14.2771,14.4885,10.8441,10.479,13.5458,12.746,9.89805,12.0055,13.5725,11.0866
10.4387,8.60976,5.76803,4.98972,5.814,6.99845,10.3586,11.6062,14.9511,17.0731,16.7103,18.4648,19.7173,16.41,14.5512,14.8568,14.0104,10.7299,9.83044,11.3783,9.67772,6.09073,8.04677,9.9906,7.68416,6.43265,10.2285,11.3362,10.2622,10.974,10.4761,6.84939,3.79182,0.0,3.78792,6.93737,9.64567,12.4521,13.3166,10.4309,10.0515,10.2566,11.7675,13.1823,16.9869,19.6035,23.2486,25.8546,26.0309,28.309,26.4244,23.4747,19.7899,18.6607,16.2226,17.4474,15.4024,16.2319,14.2218,12.2765,9.47962,11.9974,13.985,13.9879,14.3705,17.6244,18.0433,21.7645,23.6558,26.0456,23.7431,21.5156,24.7778,26.4656,23.5804,21.0512,18.3403,15.6131,16.6498,16.9054,13.5247,11.7819,14.3335,13.8035,10.0366,11.4703,13.5214,10.9075,9.85378,13.6449,15.4721,18.7307,20.5996,23.0214,24.9264,27.6787,25.489,25.8396,23.7599,22.3445,20.4778,17.4769,18.1994,21.6906,20.4563,23.5008,25.9847,26.7778,27.3551,26.5638,27.7447,24.6407,21.934,19.8041,16.0518,15.2177,15.1406,18.2577,18.9463,19.5949,16.4886,14.4048,16.7356,16.4692,12.7107,13.3024,16.2087,14.7489,12.2966,15.026,16.2214,13.2152
12.3404,10.3754,6.80385,6.36029,4.96371,6.22937,8.75518,10.2399,13.012,15.7695,15.8631,17.0973,18.8856,15.99,13.4594,14.1637,14.2733,10.9097,9.4199,11.9673,11.2825,7.65735,9.21089,12.1623,10.7446,8.96317,12.4257,14.3248,13.5582,13.8491,13.4282,9.96655,6.61979,3.78792,0.0,3.8287,6.39436,9.67098,11.395,9.15154,10.1786,10.712,11.5707,13.165,16.8093,19.5604,23.3228,26.3162,26.9747,29.5533,28.0671,25.0268,21.3168,20.4668,18.139,19.1229,17.4203,18.4921,17.0549,14.9837,11.7271,13.4404,15.1153,14.8733,15.5318,18.4667,18.8359,22.584,24.1435,26.9181,25.0567,22.5293,25.5953,27.7418,25.1756,22.5484,19.5281,17.0501,18.77,18.8678,15.2257,14.1937,17.079,16.2441,12.6614,14.749,16.5624,13.6873,13.2656,17.0379,19.0045,22.0945,23.7978,26.3668,28.0331,30.9222,28.8196,29.0123,26.6871,25.4522,23.7887,20.617,21.4733,24.8186,23.2167,25.9835,28.7614,29.5051,29.7124,28.5476,29.8128,26.9685,23.9848,22.2034,18.4547,18.0227,18.4516,21.6568,22.4378,23.292,20.2015,18.0566,20.4082,20.2372,16.4701,16.8521,19.7207,18.2133,15.4869,18.0051,18.7833,15.5311
16.0014,13.6777,9.944,8.54431,5.47189,4.89674,5.76501,7.2009,9.43711,12.4973,12.9876,13.9763,16.2463,13.8558,11.1288,12.6689,13.3298,9.8818,8.83338,12.2026,11.9548,8.96817,10.9966,14.1108,13.241,12.0798,15.3616,17.355,16.9617,17.5755,17.0868,13.4741,10.3031,6.93737,3.8287,0.0,3.75962,7.27127,9.75255,7.71125,9.85888,9.83946,9.59869,11.0548,14.3592,17.1626,20.9304,24.2039,25.2659,28.1164,27.0443,24.006,20.348,19.7902,17.7193,18.5733,17.5052,19.1303,18.2635,16.5862,12.9673,13.6462,14.5113,13.698,14.4149,16.8743,17.2496,20.9309,22.2635,25.3733,23.993,21.3781,24.313,26.8424,24.715,22.2818,18.9052,17.0226,19.1952,18.7795,14.9985,14.9345,17.846,16.5037,13.352,16.1886,17.5939,14.663,15.1883,18.8658,20.7976,23.4808,24.8393,27.6566,28.9433,32.0798,30.2805,30.4589,27.9749,27.2113,25.5468,22.0945,22.8383,25.9268,23.8379,26.2283,29.3267,30.2094,29.9554,28.514,30.0971,27.5984,24.5318,23.3097,19.5831,19.8587,20.6395,24.1082,25.3133,26.0839,22.7666,21.022,23.5818,23.1245,19.3696,20.1988,22.9342,21.0668,18.5818,21.3704,21.8917,18.412
17.1877,14.4963,10.7785,9.51416,5.91117,6.20436,6.11935,8.73106,9.78024,12.8851,14.3812,15.305,18.1673,16.347,13.6433,15.7063,16.6434,13.1939,12.3927,15.8911,15.631,12.6589,14.6642,17.7934,16.6657,15.3014,18.6874,20.6282,19.8153,19.9396,18.9571,15.4054,12.6014,9.64567,6.39436,3.75962,0.0,3.75848,6.85985,6.22798,9.41591,10.3267,10.2806,12.507,15.4703,18.6194,22.2821,25.7373,26.8841,30.0101,29.0343,26.24,22.5852,21.7616,19.434,19.6095,18.4947,19.8646,19.622,17.6231,13.9538,14.0039,14.9281,14.6038,16.0918,18.4967,19.3873,23.024,24.4376,27.7559,26.6491,24.1948,27.1259,29.7904,27.8821,25.6476,22.1379,20.533,22.6707,21.937,18.1534,18.3213,20.9633,19.2,16.1361,18.9757,19.8619,16.5611,17.3281,20.8113,23.1872,25.806,27.3781,30.4118,31.7944,35.0448,33.4178,33.8186,31.4638,30.7338,28.8851,25.4403,25.8778,29.0073,26.9145,29.286,32.3913,33.5071,33.2062,31.8145,33.5766,31.1335,28.1331,26.9793,23.2351,23.4895,24.0517,27.4746,28.5,29.0546,25.742,23.9842,26.2429,25.5753,21.7801,22.43,24.8562,22.754,20.0522,22.7213,22.6455,18.9778
19.0595,15.9563,12.5025,10.9203,7.38293,7.74982,6.96827,10.2696,10.4569,12.9979,15.3538,16.5247,19.7498,18.3854,16.0561,18.616,19.4476,15.9274,15.6915,19.2201,18.6686,15.8588,18.1911,21.1154,19.6853,18.5288,22.0698,23.7276,22.5856,22.539,21.049,17.5174,15.2417,12.4521,9.67098,7.27127,3.75848,0.0,3.80116,5.11222,8.83141,10.3156,10.4329,13.2617,15.7929,19.2315,22.6805,26.1812,27.2732,30.6275,29.697,27.2396,23.641,22.5036,19.9743,19.4554,18.4187,19.6142,20.077,18.0299,14.4511,13.6732,14.4189,14.5506,16.7378,19.0449,20.5215,24.057,25.6757,29.1102,28.2282,26.0837,29.0823,31.7716,30.0862,28.1822,24.5509,23.3025,25.2654,24.0869,20.3713,20.8311,23.069,20.8213,17.9938,20.8567,21.1093,17.5868,18.775,21.9205,24.6354,27.0285,28.7295,32.0043,33.4279,36.8198,35.4781,36.1847,34.0278,33.4495,31.3255,27.8681,27.8813,30.9816,28.8664,31.1863,34.2697,35.7162,35.3679,34.1198,36.157,33.7741,30.9477,29.9138,26.1534,26.5,26.7871,30.2161,31.2008,31.4035,28.0257,26.4825,28.4959,27.4525,23.7004,24.4436,26.4647,24.008,21.3745,24.0843,23.4538,19.6587
